1 -2697.13350985 456.048124528
2 -7226.02917784 187.791927181
3 -7481.58686924 3370.82981746
4 -2797.13549949 838.702328385
5 -3165.03720986 865.605025552
6 -2878.2345164 1795.14369971
7 -3188.63984721 -112.63276168
8 148.068987373 136.57484167
9 -6210.32493255 -299.241802175
10 -4882.17833313 -38.9616071699
11 -5557.32966536 5064.2794673
12 -4024.73389399 115.95655049
13 -4986.72235563 2114.49558867
14 -3773.66544912 5062.11410048
15 -1874.3911702 4520.29350054
16 -3756.77123402 839.21055297
17 -6292.04726602 1137.11440122
18 -5750.46647671 3232.82577887
19 -2692.74247397 742.902407883
20 -7160.22111169 4555.69268136
21 -3162.41614797 -444.640921108
22 -3405.45885617 -398.032855956
23 -2922.68689255 -306.356116077
24 -4832.3962474 4542.38269555
25 -5239.54888843 593.513988971
26 -456.655143653 5003.89969661
27 -938.484244378 573.360436579
28 -474.671096064 3421.49958803
29 -8167.69275031 934.598061643
30 -503.500393175 1959.20662169
31 -8520.9848587 1205.72408999
32 -1411.31468803 3331.89506914
33 -705.338693913 2769.65315914
34 -258.233609831 2824.71242107
35 -4450.66852763 -280.719987888
36 -1247.13560465 3412.23773856
37 -422.150229462 900.561804286
38 -1093.65690896 3510.4239253
39 -3232.40090805 -300.909396674
40 -7221.60226239 -67.2725014515
41 -6782.66174425 2353.63717164
42 -3385.05120844 -761.801159584
43 -5224.79093699 4219.23205275
44 -4696.75227074 4218.50095727
45 -104.467667511 312.459415663
46 -4875.52218049 841.708369128
47 -7740.85121326 1702.60575167
48 -3757.29604966 -523.625754097
49 -5324.03745215 1964.51026966
50 -464.42785613 300.410982008
51 20.3159889772 34.4141117487
52 -8130.92799094 2781.20241348
53 -7614.95809096 5065.18508851
54 -742.139667041 513.253231788
55 55.5777984611 -307.406531678
56 -5902.49073841 433.127198487
57 -134.773931018 2488.09695921
58 -3867.42932484 1583.2792516
59 87.7024449094 2750.65581608
60 -457.038618752 2379.81702782
61 -1494.81680864 3473.77212436
62 -6020.23538097 3617.48140663
63 -2880.10070876 1504.96609359
64 -3663.57203747 1397.08857451
65 -3480.09673371 47.6353928149
66 -5649.37754874 3473.29582326
67 -6991.60924959 3182.61092169
68 -6631.7432073 2733.33780891
69 -2377.80061532 498.290324057
70 -2326.39233231 1176.05460128
71 -3059.33049529 4093.19672923
72 -2373.00510611 3484.95053967
73 -1901.29583036 4126.52077707
74 242.865167221 5262.95149094
75 -7266.79899683 1765.66234573
76 -2687.06223265 1446.74155103
77 -3595.77493527 -371.276356388
78 222.06972004 3526.65721582
